0.349818110466	5.42501306534	0.0310335643589
-0.00500441063195	5.42489719391	0.0306405127048
-0.363692611456	5.42438554764	0.031232489273
-0.675435066223	5.42384624481	0.0312240794301
-1.03213167191	5.42302036285	0.0312786996365
-1.41673994064	5.42190408707	0.0313101261854
-1.79013359547	5.42057704926	0.0312944129109
-2.20787286758	5.41881370544	0.0307185016572
-2.5895524025	5.41693496704	0.0309759713709
-2.99055528641	5.4147105217	0.0305220037699
-3.34213113785	5.41448402405	0.0312540084124
-3.67034244537	5.41920471191	0.0311782993376
-4.02279663086	5.42330694199	0.0312917307019
-4.37633800507	5.42129230499	0.0310536809266
-4.72650337219	5.41903829575	0.0306094884872
-5.08839559555	5.41649055481	0.031004620716
-5.52092170715	5.41307544708	0.0313052646816
-5.87939310074	5.41001605988	0.0312693752348
-6.20569372177	5.41079998016	0.0310911647975
-6.52290153503	5.41008520126	0.0308524873108
-6.86837005615	5.40910720825	0.0311980210245
-7.22962093353	5.40789604187	0.0312346965075
-7.60516691208	5.40642642975	0.0312950089574
-7.96198797226	5.40484952927	0.0312427747995
-8.29069137573	5.40323638916	0.0312418844551
-8.68036746979	5.40113544464	0.0312284901738
-9.10173797607	5.39854860306	0.0313643589616
-9.41083240509	5.39645147324	0.0311614219099
-9.75852775574	5.39387655258	0.0312246084213
-10.1125097275	5.39695167542	0.0308770630509
-10.5475625992	5.39902591705	0.0312864780426
-10.92420578	5.40057849884	0.0313158333302
-11.2895030975	5.40182876587	0.0313042029738
-11.7088403702	5.40299510956	0.0313608683646
-12.1066999435	5.40383005142	0.0312631167471
-12.4876747131	5.40437078476	0.0311407949775
-12.8553676605	5.40470218658	0.0309761464596
-13.1719837189	5.40476608276	0.0309269055724
-13.5344400406	5.40467739105	0.0312575288117
-13.8905467987	5.40439891815	0.0312638655305
-14.1905832291	5.39386081696	0.0312084835023
-14.5579147339	5.36239910126	0.0310052838176
-14.9120206833	5.31324148178	0.031146587804
-15.2581272125	5.24552631378	0.031165599823
-15.5491485596	5.16205501556	0.0311896875501
-15.8722810745	5.04900836945	0.031183488667
-16.1747493744	4.92217063904	0.0311701707542
-16.4992046356	4.76983547211	0.0312257315964
-16.781375885	4.60226154327	0.0304973125458
-17.0549812317	4.42702007294	0.031132761389
-17.3539924622	4.20823049545	0.0301410630345
-17.6342067719	3.97460317612	0.0311372838914
-17.8771152496	3.75270915031	0.0312683954835
-18.0872917175	3.53058075905	0.0312152542174
-18.288269043	3.30162644386	0.0311201233417
-18.5057830811	3.01112985611	0.0312183909118
-18.7109146118	2.68118953705	0.0313073210418
-18.8544235229	2.38419485092	0.0309307835996
-19.014591217	2.01159191132	0.0311120394617
-19.1241378784	1.73196208477	0.0311484746635
-19.2194309235	1.42502307892	0.0312822088599
-19.2901344299	1.10194146633	0.0301489681005
-19.3420600891	0.796187400818	0.0312171746045
-19.3849239349	0.443541377783	0.0312645658851
-19.406791687	0.0837297365069	0.0299737751484
-19.4067649841	-0.225070029497	0.0312197096646
-19.3742771149	-0.587165594101	0.0312068238854
-19.3288288116	-0.89289689064	0.0311589818448
-19.2637233734	-1.23601031303	0.0311947241426
-19.1671791077	-1.61186718941	0.0312515795231
-19.0336093903	-1.99089860916	0.0308514591306
-18.8903312683	-2.32560110092	0.0308953933418
-18.750919342	-2.60354042053	0.0311457999051
-18.5859832764	-2.87856984138	0.0311978254467
-18.4109840393	-3.13650560379	0.031304359436
-18.1709537506	-3.44971609116	0.0311233364046
-17.8815345764	-3.76264858246	0.031224835664
-17.6446895599	-3.98326945305	0.0309429038316
-17.4016265869	-4.19611215591	0.0304174758494
-17.1162204742	-4.42048978806	0.0311370361596
-16.8274536133	-4.61040258408	0.0311006773263
-16.5458774567	-4.78104019165	0.0310971066356
-16.234205246	-4.93813705444	0.0311910156161
-15.9181919098	-5.06632947922	0.0312464870512
-15.6066455841	-5.16961431503	0.0304348804057
-15.2370662689	-5.2776055336	0.03125859797
-14.8845071793	-5.34566497803	0.0311390124261
-14.5237607956	-5.39968013763	0.0311977062374
-14.2165431976	-5.41352558136	0.0311139672995
-13.8857393265	-5.4222984314	0.0311167575419
-13.523815155	-5.42507171631	0.0311855785549
-13.1739692688	-5.42657899857	0.0312769189477
-12.8102245331	-5.42800045013	0.0310114119202
-12.4169778824	-5.42939710617	0.0307175051421
-12.0961647034	-5.43036794662	0.0310287866741
-11.752114296	-5.4312415123	0.0312069952488
-11.4071445465	-5.43194580078	0.0311458520591
-11.0177650452	-5.43261003494	0.0311287268996
-10.6648082733	-5.43296289444	0.0312402918935
-10.3049182892	-5.43313217163	0.0312659516931
-9.94985389709	-5.43312644958	0.0311669390649
-9.58317565918	-5.43297529221	0.0306288823485
-9.22558879852	-5.43263816833	0.0305236522108
-8.86016941071	-5.43211078644	0.0303537473083
-8.49545669556	-5.43135738373	0.03091545403
-8.16605186462	-5.43054199219	0.030677927658
-7.77108478546	-5.42929124832	0.0311050452292
-7.39672470093	-5.42788696289	0.0311476886272
-6.99904823303	-5.42616176605	0.0311700180173
-6.58293199539	-5.42403888702	0.0313341170549
-6.17726612091	-5.42171573639	0.0313209928572
-5.78227710724	-5.41918849945	0.0313151478767
-5.35779571533	-5.41614818573	0.0313344746828
-4.96401596069	-5.41306400299	0.0312866792083
-4.65405893326	-5.4105014801	0.030672557652
-4.25974416733	-5.4070057869	0.0303607154638
-3.90066599846	-5.40354585648	0.0312327574939
-3.5486574173	-5.4000453949	0.0310511514544
-3.17013883591	-5.39607715607	0.0312761515379
-2.83874630928	-5.40203666687	0.0311297886074
-2.51892852783	-5.40548181534	0.0303878877312
-2.17825651169	-5.40895271301	0.0307515412569
-1.8647108078	-5.41200065613	0.0302388854325
-1.50657570362	-5.41531419754	0.0303826313466
-1.16389656067	-5.41830253601	0.0301790945232
-0.793272733688	-5.42128133774	0.0306824035943
-0.408921927214	-5.42417573929	0.0303345285356
-0.0494409352541	-5.42665719986	0.0302512068301
0.287849098444	-5.42878341675	0.0312133468688
0.681130170822	-5.42720603943	0.0309627205133
1.02839744091	-5.42369651794	0.0309419259429
1.36061120033	-5.41871404648	0.0312317125499
1.72343313694	-5.41311645508	0.0302958674729
2.04680538177	-5.40845680237	0.0312085449696
2.3712182045	-5.40599441528	0.0304155349731
2.75733089447	-5.40293693542	0.0312295854092
3.11028385162	-5.39990186691	0.0312839522958
3.46192073822	-5.39668989182	0.0312964878976
3.82597541809	-5.4011888504	0.0310883484781
4.18255805969	-5.40675067902	0.0312844850123
4.56513214111	-5.41248035431	0.031341470778
4.87358570099	-5.40804243088	0.0311135388911
5.28377103806	-5.39209270477	0.0309389159083
5.60364532471	-5.36051988602	0.0311274137348
5.93892669678	-5.29598140717	0.0311810523272
6.24172687531	-5.17176771164	0.0311871431768
6.49275064468	-5.0012793541	0.030158597976
6.72719573975	-4.77700996399	0.0310994423926
6.92906093597	-4.49541282654	0.0312260985374
7.09997558594	-4.17151260376	0.0312072038651
7.2080450058	-3.85979771614	0.0301061403006
7.27224111557	-3.56413888931	0.0312161035836
7.28923606873	-3.21501421928	0.0311566665769
7.29276704788	-2.88088274002	0.0311319082975
7.29431533813	-2.58037257195	0.0306463632733
7.29580116272	-2.25928163528	0.0305230133235
7.29708194733	-1.92838716507	0.0314123593271
7.29827737808	-1.58410251141	0.0311313197017
7.29950666428	-1.16741394997	0.0309749431908
7.30015850067	-0.850086092949	0.0313471779227
7.30073070526	-0.529841661453	0.0311958566308
7.30116605759	-0.215742483735	0.0306149311364
7.30144548416	0.136923745275	0.0309790018946
7.30154943466	0.441423416138	0.0310621988028
7.30150365829	0.779169738293	0.0310970470309
7.30135965347	1.19622409344	0.0302226450294
7.30093574524	1.54550743103	0.0305738523602
7.30036735535	1.89854097366	0.0306764319539
7.29942417145	2.28500533104	0.0311576128006
7.29832363129	2.65616083145	0.0312537699938
7.29678916931	3.07484292984	0.0309061519802
7.30659723282	3.41850686073	0.0311606489122
7.3729724884	3.72296237946	0.031049054116
7.55449295044	4.01531171799	0.0311068482697
7.78894233704	4.21432733536	0.0310416184366
8.09834098816	4.33923721313	0.0310954712331
8.46402359009	4.37017345428	0.0311761703342
8.81525039673	4.38216686249	0.031186401844
9.1433429718	4.38819789886	0.0310916565359
9.50679397583	4.38552045822	0.0308233555406
9.83205127716	4.38028049469	0.0307724680752
10.2089729309	4.37435626984	0.0312228742987
10.5498065948	4.36921358109	0.0312427710742
10.9247732162	4.36374092102	0.0312074422836
11.2938308716	4.35407876968	0.0301239062101
11.6455726624	4.31599378586	0.0311498530209
11.9191703796	4.19188594818	0.0310488063842
12.1485748291	3.9665594101	0.0310695972294
12.2864866257	3.65645551682	0.0311433859169
12.3076171875	3.32852840424	0.0308115705848
12.3053684235	2.97718095779	0.0311842299998
12.2992591858	2.59335017204	0.031196705997
12.2943019867	2.21384978294	0.0310919396579
12.2898368835	1.8772469759	0.0311204474419
12.2613658905	1.57181859016	0.0310448557138
12.1410140991	1.28279972076	0.0310690067708
11.9368743896	1.03417277336	0.0310971103609
11.6876382828	0.715708315372	0.031145548448
11.5454063416	0.419928103685	0.031104253605
11.4821949005	0.119288235903	0.0310637876391
11.4787244797	-0.210261434317	0.0310678631067
11.586938858	-0.518828630447	0.0311944745481
11.7478256226	-0.797773122787	0.0310656242073
11.9835205078	-1.0812869072	0.031200516969
12.2362232208	-1.2462413311	0.0310574993491
12.587937355	-1.32192778587	0.0311686787754
12.8964805603	-1.33110177517	0.0310519244522
13.2014541626	-1.2857632637	0.0310858897865
13.4972248077	-1.14528667927	0.0308217443526
13.7346162796	-0.947593092918	0.0310535766184
13.9271564484	-0.71652251482	0.0311711505055
14.1688890457	-0.509042441845	0.0310674384236
14.4658327103	-0.398027896881	0.0307423751801
14.8099088669	-0.403853297234	0.0299819223583
15.1514053345	-0.442397743464	0.0311358701438
15.4933919907	-0.472956895828	0.031099781394
15.8022155762	-0.48923677206	0.0312706232071
16.1257400513	-0.490418732166	0.0309942401946
16.4992809296	-0.489750564098	0.0312286764383
16.8659648895	-0.48885345459	0.0309539679438
17.2233123779	-0.487755984068	0.0312320552766
17.5861148834	-0.465543985367	0.0312347412109
17.9758834839	-0.391333371401	0.0312683470547
18.2623977661	-0.282316476107	0.0310889296234
18.5356197357	-0.113085135818	0.0305453576148
18.7671451569	0.0896949470043	0.0311524868011
18.9673633575	0.318664580584	0.0312001947314
19.1318206787	0.608261942863	0.0311604477465
19.2541828156	0.898241281509	0.0312180370092
19.3240623474	1.21438765526	0.031013790518
19.3473911285	1.55308413506	0.0301162023097
19.3588867188	1.94862103462	0.0312687046826
19.3644790649	2.329382658	0.0303669404238
19.3672103882	2.66785788536	0.0306698866189
19.3705253601	3.12875580788	0.0313534960151
19.3520641327	3.4650888443	0.0310554727912
19.3011398315	3.80926322937	0.0311501193792
19.2108383179	4.14435386658	0.0311157889664
19.0713329315	4.42952823639	0.0311102718115
18.8986721039	4.68713569641	0.0311191752553
18.6575069427	4.9341340065	0.0312201529741
18.3415718079	5.16644096375	0.0312502235174
18.0579051971	5.29214572906	0.0311086140573
17.7275562286	5.36518335342	0.0311094410717
17.4028816223	5.40479946136	0.0312479361892
17.045042038	5.41901397705	0.0301092043519
16.6782836914	5.4257516861	0.0311436932534
16.3206539154	5.42911911011	0.0311264321208
15.9707107544	5.43221855164	0.0312884226441
15.6463108063	5.43184614182	0.0302133951336
15.3289012909	5.42991733551	0.031222647056
14.9336967468	5.43027210236	0.0312638394535
14.5820808411	5.43042421341	0.0312812700868
14.269329071	5.43041229248	0.0312274359167
13.832239151	5.43016910553	0.0309431534261
13.4239425659	5.42960691452	0.0312536805868
13.1057376862	5.4289894104	0.0303545370698
12.778875351	5.42819786072	0.0312062129378
12.4732627869	5.42735052109	0.0312434155494
12.1589546204	5.42632961273	0.0311388988048
11.8357486725	5.42516183853	0.0311813876033
11.4493875504	5.4236164093	0.0312225501984
11.089840889	5.42191123962	0.0312894433737
10.6858406067	5.41974210739	0.0313140451908
10.3152217865	5.41752910614	0.0313092023134
9.91982078552	5.41486883163	0.0313296169043
9.54648780823	5.41212368011	0.0313010178506
9.20432758331	5.41613721848	0.031097009778
8.89320755005	5.41691875458	0.0310977529734
8.54025554657	5.41626548767	0.031148083508
8.19279003143	5.41535186768	0.0310476198792
7.84991025925	5.41428661346	0.0312977582216
7.50350761414	5.41297388077	0.0313708819449
7.12528324127	5.41132831573	0.0310879573226
6.8043422699	5.4124994278	0.0311928838491
6.48543453217	5.41451263428	0.0306172892451
6.12293863297	5.41794395447	0.0310941711068
5.74415588379	5.42133808136	0.0312097817659
5.37551498413	5.42443561554	0.0312821045518
4.96292972565	5.42761468887	0.0306915342808
4.5693025589	5.43038225174	0.030375348404
4.25966024399	5.42912197113	0.0313630476594
3.95057535172	5.42380523682	0.0311197377741
3.6338789463	5.42081642151	0.0312385708094
3.27376389503	5.41718673706	0.0312936939299
2.93574881554	5.41558837891	0.0303570479155
2.47643446922	5.41632938385	0.0311839915812
2.12317466736	5.4166431427	0.0312156565487
1.79761362076	5.41679096222	0.0311815999448
1.47659039497	5.41679286957	0.0309521220624
1.14231097698	5.41662025452	0.0311415661126
0.792027294636	5.41634511948	0.0311098452657
